2013959774593794135
2018172529320370496
2016692776469966855
2013974868883349770
2014125862363476412
2014171157843648921
2014186261120995713
2014201358501744988
2014216584647299398
2014246664907694201
2014846680865108168
2016368135990059029
2016635251900956853
2016662576495468984
2025616580000846332
2016949469561180333
2017372258046734668
2017417550829916189
2017674243652125125
2017719543393571237
2017764840429715625
2017827752221544955
2018142325227094526
2018263873930006984
2018399020990022138
2018421666989101338
2018444317577408762
2018466966235967947
2018806708701991065
2018852008451625376
2018867102258778323
2018882206245278133
2018897301000069325
2019084713634258968
2019229488509292561
2019501281862136099
2019516385664327990
2019531485368160724
2019546578227458110
2019848569142862283
2020588448965341332
2020679043805507704
2020686590713176282
2020694154825654725
2020717364430709223
2020973482855612465
2021403818781524102
2021720906737848588
2021766204592206276
2021781309623087303
2021932303669244036
2022007802231967962
2022430592248218047
2022521183376126214
2022694196113740132
2022702380815356361
2022717477814407577
2023185561478222283
2023396953048961055
2023412050828100055
2023427157079335022
2023442251226210565
2023517747020525653
2023910337775554902
2024091532651835766
2024106625829835114
2024121724971647329
2024136828039922052
2024197224234967181
2024604909987852648
2024695512117494025
2024831410574442844
2024846508080906692
2024861611270537482
2024906902518239442
2025193791498715162
2025239091281895693
2025254192408125719
2025269288534487211
2025284390331592817
2025299489255276875
